1 0
1 0
3 0.333333333333
4 1.0
5 4.0
6 0.5
7 1.5
8 0.333333333333
9 3.0
10 0.333333333333
11 4.0
12 1.25
13 0.8
14 1.25
15 1.0
16 0.6
17 1.33333333333
18 1.0
19 2.25
20 0.777777777778
21 1.0
22 0.142857142857
23 6.0
24 1.0
25 1.0
26 0.833333333333
27 0.2
28 1.0
29 3.0
30 1.0
31 0.666666666667
32 3.5
33 1.14285714286
34 0.375
35 0.333333333333
36 1.0
37 2.0
38 2.0
39 0.75
40 1.0
41 1.0
42 2.0
43 0.333333333333
44 0.5
45 3.0
46 0.666666666667
47 0.5
48 2.0
49 0.5
50 1.0
51 5.0
52 1.2
53 0.5
54 0.333333333333
55 1.0
56 2.0
57 0.5
58 3.0
59 1.0
60 0.333333333333
61 3.0
62 1.33333333333
63 0.25
64 1.0
65 1.0
66 3.0
67 0.333333333333
68 1.0
69 5.0
70 0.2
71 3.0
72 1.33333333333
73 0.25
74 1.0
75 4.0
76 0.5
77 3.0
78 0.5
79 1.0
80 0.333333333333
81 1.0
82 5.0
83 1.0
84 0.6
85 2.0
86 1.0
87 0.166666666667
88 10.0
89 0.5
90 1.0
91 1.0
92 0.8
93 1.0
94 1.0
95 0.75
96 1.66666666667
97 2.0
98 0.1
99 2.0
100 3.0
101 0.5
102 0.333333333333
103 3.0
104 2.66666666667
105 0.125
106 6.0
107 0.5
108 1.66666666667
109 0.6
110 2.66666666667
111 0.75
112 1.16666666667
113 0.714285714286
114 1.4
115 0.571428571429
116 1.75
117 0.142857142857
118 3.0
119 1.33333333333
120 0.75
121 0.333333333333
122 7.0
123 0.428571428571
124 0.666666666667
125 2.5
126 0.4
127 1.0
128 2.5
129 0.0
129 0
131 0.142857142857
132 1.0
133 1.0
134 1.0
135 1.0
136 12.0
137 0.333333333333
138 0.5
139 3.0
140 0.5
141 2.33333333333
142 0.857142857143
143 0.666666666667
144 1.75
145 0.857142857143
146 1.0
147 1.33333333333
148 0.375
