1 21
2 0.0952380952381
3 1.0
4 3.0
5 1.33333333333
6 0.625
7 0.2
8 5.0
9 1.6
10 1.0
11 0.25
12 3.5
13 0.428571428571
14 1.66666666667
15 1.0
16 1.6
17 0.375
18 4.0
19 0.0833333333333
20 10.0
21 0.6
22 0.666666666667
23 1.0
24 1.75
25 0.857142857143
26 0.5
27 0.333333333333
28 1.0
29 1.0
30 8.0
31 0.625
32 0.6
33 0.333333333333
34 3.0
35 1.66666666667
36 0.2
37 4.0
38 0.75
39 1.0
40 1.66666666667
41 0.4
42 1.5
43 0.666666666667
44 1.0
45 2.0
46 1.25
47 0.2
48 5.0
49 1.0
50 0.2
51 4.0
52 0.75
53 1.33333333333
54 2.5
55 1.0
56 0.2
57 0.5
58 8.0
59 0.75
60 1.33333333333
61 0.5
62 0.5
63 2.0
64 1.25
65 1.0
66 0.6
67 2.66666666667
68 0.75
69 0.166666666667
70 5.0
71 0.6
72 2.0
73 0.333333333333
74 2.5
